// ============================================================
// DATA PAYLOAD — extracted from NB02 & NB07
// 12 ETFs across 3 clusters (Ward-Linkage, k=3)
// All prices converted to EUR, annualized (252 trading days)
// ============================================================
export const DATA = {
  clusters: [
    { name: "Bonds", etfs: ["IBCS", "EUNH", "3SUD"], color: "#4e79a7" },
    {
      name: "Stocks: US & Canada",
      etfs: ["SXR8", "CSCA"],
      color: "#e15759",
    },
    {
      name: "Stocks: EU, Asia & Australia",
      etfs: ["SXRT", "NDIA", "SAUS", "CSJP"],
      color: "#f28e2b",
    },
  ],
  // 3×3 annualized covariance matrix (cluster-level equal-weighted returns)
  cov_cluster_ann: [
    [0.00223955, 0.00109166, 0.00127042],
    [0.00109166, 0.03516473, 0.01496456],
    [0.00127042, 0.01496456, 0.01637447],
  ],
  vol_cluster_ann: [0.047324, 0.187523, 0.127963],
  corr_cluster: [
    [1.0, 0.123, 0.2098],
    [0.123, 1.0, 0.6236],
    [0.2098, 0.6236, 1.0],
  ],
  crises: {
    "Corona 2020": { drawdowns: [-0.0663, -0.3836, -0.3355] },
    "Ukraine 2022": { drawdowns: [-0.1681, -0.1192, -0.1299] },
  },
  return_uncertainty: {
    premium_ann: [-0.017068, 0.082034, 0.054618],
    se_ann: [0.018455, 0.07313, 0.049903],
  },
  part1_example: {
    vol_100_bonds: 0.0473,
    vol_80_20: 0.0565,
    vol_50_50: 0.0995,
    vol_100_stocks: 0.1875,
    corr_bonds_stocks: 0.123,
  },

  // 9×9 Ledoit-Wolf annualized covariance matrix (9-ETF subset, removing EXXY, IQQ6, 4BRZ)
  // Order: IBCS, EUNH, SXR8, SXRT, 3SUD, NDIA, SAUS, CSJP, CSCA
  etf_names: ["IBCS", "EUNH", "SXR8", "SXRT", "3SUD", "NDIA", "SAUS", "CSJP", "CSCA"],
  etf_cluster: [0, 0, 1, 2, 0, 2, 2, 2, 1], // index into clusters[]
  etf_labels: [
    "EU Corporate Bonds",
    "EU Government Bonds",
    "S&P 500",
    "Euro Stoxx 50",
    "EM Bonds",
    "India",
    "Australia",
    "Japan",
    "Canada",
  ],
  cov_etf_ann: [
    [0.00235705, 0.00188179, 0.00101898, 0.00116085, 0.00153483, 0.0012564, 0.00201358, 0.00177889, 0.00117574],
    [0.00188179, 0.00414109, 0.00102919, 0.00027942, 0.00172953, 0.0003092, 0.00087098, 0.00145604, 0.00091051],
    [0.00101898, 0.00102919, 0.05870897, 0.01795636, 0.01371741, 0.01500817, 0.0169256, 0.00912919, 0.04577796],
    [0.00116085, 0.00027942, 0.01795636, 0.03857897, 0.00564821, 0.01384506, 0.0194126, 0.00793152, 0.02163545],
    [0.00153483, 0.00172953, 0.01371741, 0.00564821, 0.00944084, 0.0080297, 0.00815381, 0.00644341, 0.01361257],
    [0.0012564, 0.0003092, 0.01500817, 0.01384506, 0.0080297, 0.03787152, 0.01661183, 0.01099622, 0.01826119],
    [0.00201358, 0.00087098, 0.0169256, 0.0194126, 0.00815381, 0.01661183, 0.04185897, 0.02076469, 0.02349577],
    [0.00177889, 0.00145604, 0.00912919, 0.00793152, 0.00644341, 0.01099622, 0.02076469, 0.0396158, 0.01126801],
    [0.00117574, 0.00091051, 0.04577796, 0.02163545, 0.01361257, 0.01826119, 0.02349577, 0.01126801, 0.05142616],
  ],
};
